# Created by Octave 8.4.0, Sat May 02 16:20:11 2026 -03 <diego@dieguito>
# name: data
# type: matrix
# rows: 6
# columns: 2
 2097152 0.0039957250867571148
 4194304 0.0045451096126011437
 8388608 0.0090926034109933031
 16777216 0.017480407442365373
 33554432 0.03282083783830915
 67108864 0.062550578798566542


