# Created by Octave 8.4.0, Tue May 12 22:50:57 2026 -03 <diego@dieguito>
# name: data
# type: matrix
# rows: 6
# columns: 2
 2097152 0.0020180770329066683
 4194304 0.0034074442727225168
 8388608 0.0063484055655343196
 16777216 0.016994748796735491
 33554432 0.025776658739362444
 67108864 0.063888720103672567


