# Created by Octave 8.4.0, Thu May 07 08:39:04 2026 -03 <diego@dieguito>
# name: data
# type: matrix
# rows: 6
# columns: 2
 2097152 0.0024933133806501117
 4194304 0.0029492718832833426
 8388608 0.0062396866934640071
 16777216 0.012529850006103516
 33554432 0.029578719820295061
 67108864 0.051701647894723077


