# Created by Octave 8.4.0, Mon May 11 02:22:13 2026 -03 <diego@dieguito>
# name: data
# type: matrix
# rows: 6
# columns: 2
 2097152 0.0017119816371372768
 4194304 0.0035401412418910433
 8388608 0.0064124379839215961
 16777216 0.014834983008248466
 33554432 0.027697018214634488
 67108864 0.060437168393816264


