# Created by Octave 8.4.0, Tue May 12 22:27:41 2026 -03 <diego@dieguito>
# name: data
# type: matrix
# rows: 6
# columns: 2
 2097152 0.001770292009626116
 4194304 0.0031594208308628629
 8388608 0.0063140051705496648
 16777216 0.014569623129708427
 33554432 0.027847664696829661
 67108864 0.053520883832659037


