# Created by Octave 8.4.0, Sat May 02 17:44:29 2026 -03 <diego@dieguito>
# name: data
# type: matrix
# rows: 10
# columns: 2
 8 1.4032636369977678e-05
 16 9.2983245849609375e-06
 32 1.2159347534179688e-05
 64 4.9284526279994422e-05
 128 0.00025541441781180244
 256 0.0011122226715087891
 512 0.0058094433375767297
 1024 0.0250460079738072
 2048 0.19719770976475307
 4096 1.5923382895333427


