# Created by Octave 8.4.0, Mon May 11 13:35:33 2026 -03 <diego@dieguito>
# name: data
# type: matrix
# rows: 6
# columns: 2
 1024 0.00045572008405412944
 2048 0.0020617076328822543
 4096 0.0084631443023681641
 8192 0.036369698388235908
 16384 0.12729685647147043
 32768 0.51687182698931011


